1	H	94530	66	0.003
2	P	49598	35	0.034
3	P	48643	34	0.068
4	P	48244	34	0.100
5	P	47714	33	0.133
6	P	47092	33	0.166
7	P	46833	33	0.200
8	P	47102	33	0.232
9	P	47092	33	0.265
10	P	47517	33	0.298
11	P	47616	33	0.331
12	P	47941	34	0.364
13	P	47754	33	0.397
14	P	47938	34	0.430
15	P	48241	34	0.467
16	P	48243	34	0.496
17	P	48241	34	0.529
18	P	47726	33	0.562
19	P	47361	33	0.595
20	P	47318	33	0.628
21	P	47506	33	0.661
22	P	47294	33	0.694
23	P	46399	32	0.727
24	P	45134	32	0.760
25	P	44506	31	0.793
26	P	44629	31	0.826
27	P	44583	31	0.859
28	P	43987	31	0.892
29	P	44944	31	0.934
30	P	46173	32	0.958
31	P	46928	33	1.001
32	P	47954	34	1.024
33	P	48620	34	1.057
34	P	48783	34	1.091
35	P	49196	34	1.123
36	P	49077	34	1.155
37	P	49179	34	1.189
38	P	49515	35	1.222
39	P	49814	35	1.255
40	P	50067	35	1.288
41	P	50277	35	1.321
42	P	51239	36	1.354
43	P	52391	37	1.387
44	P	51946	36	1.420
45	P	49695	35	1.467
46	P	50055	35	1.486
47	P	50185	35	1.519
48	P	49588	35	1.555
49	P	48716	34	1.585
50	P	48570	34	1.618
51	P	48636	34	1.651
52	P	48555	34	1.684
53	P	48824	34	1.734
54	P	48760	34	1.750
55	P	48380	34	1.801
56	P	48463	34	1.834
57	P	48517	34	1.849
58	P	48616	34	1.882
59	P	48559	34	1.915
60	P	48053	34	1.948
61	P	47952	34	1.981
62	P	48516	34	2.014
63	P	48444	34	2.047
64	P	47670	33	2.080
65	P	48112	34	2.113
66	P	48057	34	2.167
67	P	47884	34	2.201
68	P	47955	34	2.212
69	P	47505	33	2.245
70	P	46508	33	2.301
71	P	45674	32	2.311
72	P	45502	32	2.345
73	P	46834	33	2.401
74	P	47642	33	2.410
75	P	47723	33	2.443
76	P	48318	34	2.476
77	P	48766	34	2.509
78	P	47790	33	2.542
79	P	47589	33	2.575
80	P	47422	33	2.608
81	P	46560	33	2.641
82	P	46603	33	2.700
83	P	46563	33	2.707
84	P	46762	33	2.767
85	P	47130	33	2.800
86	P	47380	33	2.805
87	P	47715	33	2.839
88	P	49723	35	2.872
89	P	50175	35	2.934
90	P	49622	35	2.938
91	P	49890	35	3.001
92	P	50389	35	3.034
93	P	50161	35	3.036
94	P	48142	34	3.100
95	P	47773	33	3.104
96	P	47629	33	3.136
97	P	47361	33	3.201
98	P	47403	33	3.202
99	P	47557	33	3.267
100	P	47947	34	3.268
101	P	47377	33	3.301
102	P	47223	33	3.334
103	P	47157	33	3.368
104	P	46627	33	3.401
105	P	46796	33	3.434
106	P	46147	32	3.467
107	P	46259	32	3.501
108	P	45638	32	3.534
109	P	45012	32	3.568
110	P	44375	31	3.601
111	P	43428	30	3.634
112	P	43851	31	3.667
113	P	44484	31	3.701
114	P	45048	32	3.734
115	P	45191	32	3.767
116	P	45596	32	3.801
117	P	45582	32	3.834
118	P	45303	32	3.867
119	P	45047	32	3.901
120	P	44872	31	3.934
121	P	44991	32	3.967
122	P	45012	32	4.001
123	P	45596	32	4.034
124	P	45384	32	4.067
125	P	45383	32	4.101
126	P	44873	31	4.134
127	P	44978	32	4.167
128	P	44787	31	4.201
129	P	44328	31	4.234
130	P	44540	31	4.267
131	P	45352	32	4.301
132	P	45494	32	4.334
133	P	45552	32	4.367
134	P	45257	32	4.401
135	P	45042	32	4.434
136	P	44829	31	4.468
137	P	45140	32	4.501
138	P	44757	31	4.534
139	P	44825	31	4.567
140	P	45247	32	4.601
141	P	45324	32	4.634
142	P	44908	31	4.667
143	P	44459	31	4.701
144	P	43449	30	4.734
145	P	43155	30	4.767
146	P	43387	30	4.801
147	P	43653	31	4.834
148	P	44514	31	4.867
149	P	44526	31	4.901
150	P	44731	31	4.934
151	P	44425	31	4.968
152	P	44369	31	5.001
153	P	44593	31	5.034
154	P	44365	31	5.067
155	P	44246	31	5.101
156	P	43756	31	5.134
157	P	44245	31	5.167
158	P	43938	31	5.201
159	P	43615	31	5.234
160	P	43273	30	5.268
161	P	43032	30	5.301
162	P	42145	30	5.334
163	P	42024	29	5.367
164	P	42944	30	5.402
165	P	43266	30	5.434
166	P	43661	31	5.468
167	P	44016	31	5.501
168	P	44279	31	5.534
169	P	44401	31	5.567
170	P	44353	31	5.601
171	P	43923	31	5.634
172	P	43394	30	5.668
173	P	43414	30	5.701
174	P	43588	31	5.734
175	P	45167	32	5.767
176	P	45268	32	5.801
177	P	45759	32	5.834
178	P	45282	32	5.867
179	P	45250	32	5.901
180	P	43991	31	5.934
181	P	44326	31	5.968
182	P	44275	31	6.001
183	P	44350	31	6.034
184	P	43973	31	6.067
185	P	44217	31	6.101
186	P	44072	31	6.134
187	P	43732	31	6.167
188	P	43945	31	6.201
189	P	44149	31	6.234
190	P	43987	31	6.268
191	P	43486	30	6.301
192	P	43142	30	6.334
193	P	43479	30	6.367
194	P	44152	31	6.401
195	P	44885	31	6.403
196	P	45338	32	6.468
197	P	45849	32	6.469
198	P	46032	32	6.534
199	P	45358	32	6.535
200	P	45284	32	6.601
201	P	44881	31	6.601
202	P	44806	31	6.667
203	P	45578	32	6.668
204	P	46191	32	6.734
205	P	45634	32	6.735
206	P	46612	33	6.801
207	P	46611	33	6.801
208	P	47134	33	6.868
209	P	46931	33	6.868
210	P	46824	33	6.934
211	P	46946	33	6.935
212	P	46554	33	7.001
213	P	45701	32	7.002
214	P	45120	32	7.068
215	P	44303	31	7.068
216	P	44096	31	7.134
217	P	44266	31	7.135
218	P	44091	31	7.201
219	P	44332	31	7.202
220	P	44322	31	7.268
221	P	43642	31	7.268
222	P	42711	30	7.334
223	P	42674	30	7.335
224	P	43234	30	7.401
225	P	43572	31	7.401
226	P	44399	31	7.468
227	P	44603	31	7.468
228	P	44144	31	7.534
229	P	44121	31	7.535
230	P	43799	31	7.601
231	P	43338	30	7.602
232	P	42837	30	7.667
233	P	43166	30	7.668
234	P	43609	31	7.739
235	P	44248	31	7.740
236	P	44032	31	7.801
237	P	43775	31	7.802
238	P	44163	31	7.867
239	P	44059	31	7.868
240	P	43769	31	7.934
241	P	43374	30	7.935
242	P	44075	31	8.001
243	P	43849	31	8.001
244	P	44306	31	8.068
245	P	44137	31	8.068
246	P	43813	31	8.134
247	P	43536	31	8.135
248	P	43974	31	8.201
249	P	43960	31	8.201
250	P	43880	31	8.267
251	P	43527	31	8.268
252	P	42966	30	8.334
253	P	43087	30	8.335
254	P	43035	30	8.401
255	P	43540	31	8.401
256	P	43842	31	8.467
257	P	43922	31	8.468
258	P	44281	31	8.534
259	P	44209	31	8.535
260	P	44512	31	8.601
261	P	44076	31	8.601
262	P	44307	31	8.667
263	P	44159	31	8.668
264	P	44032	31	8.734
265	P	44032	31	8.734
266	P	44202	31	8.801
267	P	44440	31	8.801
268	P	44891	31	8.867
269	P	44221	31	8.868
270	P	43280	30	8.934
271	P	42562	30	8.934
272	P	42707	30	9.001
273	P	43191	30	9.001
274	P	43180	30	9.067
275	P	43328	30	9.068
276	P	43342	30	9.134
277	P	43455	30	9.134
278	P	42262	30	9.201
279	P	42367	30	9.201
280	P	42728	30	9.267
281	P	42979	30	9.268
282	P	42738	30	9.334
283	P	41933	29	9.334
284	P	41523	29	9.401
285	P	41737	29	9.401
286	P	41941	29	9.467
287	P	42478	30	9.468
288	P	43008	30	9.534
289	P	43319	30	9.534
290	P	43462	30	9.601
291	P	43702	31	9.601
292	P	43811	31	9.667
293	P	44223	31	9.668
294	P	44367	31	9.734
295	P	45177	32	9.735
296	P	45808	32	9.801
297	P	46165	32	9.801
298	P	46241	32	9.801
299	P	45784	32	9.901
300	P	45780	32	9.901
301	P	45180	32	9.902
302	P	44807	31	10.001
303	P	44160	31	10.001
304	P	43677	31	10.001
305	P	43959	31	10.101
306	P	44119	31	10.101
307	P	44390	31	10.102
308	P	44745	31	10.201
309	P	44509	31	10.201
310	P	44804	31	10.201
311	P	44665	31	10.301
312	P	44631	31	10.301
313	P	43927	31	10.400
314	P	43904	31	10.401
315	P	43374	30	10.401
316	P	42794	30	10.500
317	P	42750	30	10.501
318	P	42850	30	10.501
319	P	42164	30	10.600
320	P	42760	30	10.601
321	P	42950	30	10.667
322	P	42896	30	10.668
323	P	43204	30	10.668
324	P	43581	31	10.767
325	P	43515	31	10.767
326	P	43261	30	10.768
327	P	42688	30	10.834
328	P	41958	29	10.835
329	P	42042	29	10.835
330	P	42116	30	10.934
331	P	42499	30	10.934
332	P	42302	30	10.935
333	P	41874	29	11.034
334	P	41194	29	11.035
335	P	41126	29	11.035
336	P	40687	29	11.134
337	P	40820	29	11.134
338	P	41287	29	11.135
339	P	41975	29	11.234
340	P	42668	30	11.235
341	P	42566	30	11.334
342	P	42297	30	11.334
343	P	42922	30	11.335
344	P	42843	30	11.401
345	P	41930	29	11.401
346	P	41483	29	11.401
347	P	41473	29	11.501
348	P	41651	29	11.501
349	P	41386	29	11.501
350	P	41423	29	11.601
351	P	40855	29	11.601
352	P	41091	29	11.601
353	P	40948	29	11.701
354	P	40795	29	11.701
355	P	41077	29	11.701
356	P	41370	29	11.801
357	P	41417	29	11.801
358	P	41885	29	11.801
359	P	41986	29	11.901
360	P	41244	29	11.901
361	P	41136	29	11.901
362	P	40760	29	12.001
363	P	40565	28	12.001
364	P	40834	29	12.001
365	P	41110	29	12.101
366	P	41453	29	12.101
367	P	41118	29	12.101
368	P	41525	29	12.201
369	P	42533	30	12.201
370	P	42609	30	12.201
371	P	43159	30	12.301
372	P	43388	30	12.301
373	P	43721	31	12.302
374	P	43546	31	12.401
375	P	42897	30	12.401
376	P	42272	30	12.401
377	P	41557	29	12.501
378	P	41627	29	12.501
379	P	41461	29	12.501
380	P	41017	29	12.601
381	P	41547	29	12.601
382	P	42294	30	12.601
383	P	43143	30	12.701
384	P	42784	30	12.701
385	P	42098	30	12.701
386	P	42032	29	12.801
387	P	42220	30	12.801
388	P	42134	30	12.801
389	P	41894	29	12.901
390	P	41704	29	12.901
391	P	41166	29	12.902
392	P	41756	29	13.001
393	P	42120	30	13.001
394	P	42245	30	13.001
395	P	42961	30	13.101
396	P	42928	30	13.101
397	P	43035	30	13.101
398	P	43543	31	13.201
399	P	43725	31	13.201
400	P	43782	31	13.300
401	P	43135	30	13.301
402	P	42389	30	13.301
403	P	42579	30	13.302
404	P	41874	29	13.434
405	P	42167	30	13.434
406	P	42399	30	13.434
407	P	42637	30	13.534
408	P	42310	30	13.534
409	P	42108	30	13.535
410	P	41962	29	13.634
411	P	41689	29	13.634
412	P	41886	29	13.634
413	P	41634	29	13.635
414	P	41559	29	13.767
415	P	41906	29	13.768
416	P	42724	30	13.768
417	P	44158	31	13.867
418	P	45027	32	13.867
419	P	45181	32	13.868
420	P	45100	32	13.967
421	P	44578	31	13.968
422	P	44116	31	14.034
423	P	43741	31	14.067
424	P	43105	30	14.068
425	P	42316	30	14.134
426	P	42333	30	14.134
427	P	41616	29	14.200
428	P	41456	29	14.201
429	P	41340	29	14.201
430	P	41090	29	14.267
431	P	41085	29	14.268
432	P	41231	29	14.334
433	P	41038	29	14.335
434	P	40626	29	14.434
435	P	40174	28	14.434
436	P	40371	28	14.500
437	P	41105	29	14.501
438	P	41372	29	14.567
439	P	41664	29	14.568
440	P	41564	29	14.634
441	P	41568	29	14.634
442	P	40946	29	14.700
443	P	40585	28	14.701
444	P	40408	28	14.701
445	P	40652	29	14.800
446	P	40629	29	14.801
447	P	40540	28	14.801
448	P	40645	29	14.867
449	P	41422	29	14.868
450	P	41785	29	14.934
451	P	42081	30	15.000
452	P	42222	30	15.001
453	P	43147	30	15.034
454	P	43720	31	15.100
455	P	43415	30	15.101
456	P	43008	30	15.101
457	P	42344	30	15.167
458	P	41913	29	15.234
459	P	42554	30	15.234
460	P	42846	30	15.235
461	P	42647	30	15.301
462	P	42716	30	15.301
463	P	42430	30	15.401
464	P	42370	30	15.401
465	P	41900	29	15.468
466	P	42097	30	15.468
467	P	41971	29	15.534
468	P	41731	29	15.534
469	P	42006	29	15.600
470	P	42047	29	15.601
471	P	43027	30	15.601
472	P	43028	30	15.701
473	P	43820	31	15.701
474	P	44025	31	15.701
475	P	43913	31	15.800
476	P	43669	31	15.801
477	P	43386	30	15.801
478	P	42541	30	15.900
479	P	42376	30	15.901
480	P	41884	29	15.901
481	P	41929	29	15.901
482	P	41996	29	16.034
483	P	42162	30	16.034
484	P	42194	30	16.034
485	P	42179	30	16.134
486	P	42974	30	16.134
487	P	43069	30	16.135
488	P	42900	30	16.135
489	P	42848	30	16.267
490	P	42285	30	16.267
491	P	42212	30	16.268
492	P	42201	30	16.367
493	P	42044	29	16.368
494	P	41234	29	16.368
495	P	40912	29	16.467
496	P	41050	29	16.467
497	P	41607	29	16.468
498	P	41854	29	16.468
499	P	41985	29	16.600
500	P	42471	30	16.601
501	P	42475	30	16.601
502	P	43792	31	16.700
503	P	44758	31	16.701
504	P	45260	32	16.701
505	P	44913	31	16.800
506	P	44241	31	16.801
507	P	43968	31	16.801
508	P	43699	31	16.801
509	P	43804	31	16.934
510	P	43790	31	16.934
511	P	44097	31	16.934
512	P	44184	31	17.034
513	P	44391	31	17.034
514	P	44242	31	17.035
515	P	44620	31	17.134
516	P	45561	32	17.134
517	P	46596	33	17.135
518	P	46838	33	17.238
519	P	46204	32	17.238
520	P	46506	33	17.238
521	P	46071	32	17.334
522	P	45786	32	17.334
523	P	45822	32	17.335
524	P	45674	32	17.434
525	P	45815	32	17.434
526	P	45163	32	17.435
527	P	44523	31	17.534
528	P	44483	31	17.534
529	P	45261	32	17.535
530	P	44645	31	17.535
531	P	45662	32	17.667
532	P	44888	31	17.667
533	P	44447	31	17.668
534	P	44066	31	17.767
535	P	43197	30	17.767
536	P	43198	30	17.768
537	P	42830	30	17.867
538	P	42754	30	17.867
539	P	42503	30	17.868
540	P	41912	29	17.868
541	P	42698	30	17.967
542	P	45978	32	17.968
543	P	46618	33	17.968
544	P	44601	31	18.100
545	P	44047	31	18.101
546	P	43528	31	18.101
547	P	44037	31	18.200
548	P	44445	31	18.201
549	P	44692	31	18.201
550	P	45180	32	18.300
551	P	45437	32	18.301
552	P	45735	32	18.301
553	P	44788	31	18.400
554	P	44088	31	18.401
555	P	44449	31	18.401
556	P	43988	31	18.500
557	P	44142	31	18.501
558	P	44834	31	18.501
559	P	46140	32	18.502
560	P	46631	33	18.634
561	P	46913	33	18.634
562	P	46699	33	18.635
563	P	45809	32	18.734
564	P	45393	32	18.734
565	P	46058	32	18.735
566	P	46092	32	18.834
567	P	46636	33	18.834
568	P	47820	33	18.835
569	P	48006	34	18.934
570	P	48426	34	18.934
571	P	48944	34	18.934
572	P	48812	34	19.034
573	P	48900	34	19.034
574	P	48727	34	19.035
575	P	48240	34	19.134
576	P	48177	34	19.134
577	P	47002	33	19.135
578	P	46968	33	19.234
579	P	46373	32	19.234
580	P	45229	32	19.235
581	P	44624	31	19.334
582	P	43372	30	19.334
583	P	43182	30	19.334
584	P	43885	31	19.434
585	P	44179	31	19.434
586	P	44784	31	19.434
587	P	44728	31	19.534
588	P	45882	32	19.534
589	P	45435	32	19.535
590	P	45648	32	19.634
591	P	45815	32	19.634
592	P	45705	32	19.634
593	P	45873	32	19.635
594	P	45637	32	19.767
595	P	45358	32	19.767
596	P	45043	32	19.768
597	P	44264	31	19.867
598	P	44411	31	19.867
599	P	44447	31	19.868
600	P	44350	31	19.967
601	P	44168	31	19.968
602	P	44182	31	19.968
603	P	44839	31	20.067
604	P	44480	31	20.067
605	P	43624	31	20.068
606	P	43798	31	20.167
607	P	44132	31	20.167
608	P	44592	31	20.168
609	P	44463	31	20.168
610	P	45167	32	20.300
611	P	44864	31	20.301
612	P	45212	32	20.301
613	P	45324	32	20.401
614	P	44755	31	20.401
615	P	44537	31	20.401
616	P	43755	31	20.500
617	P	43694	31	20.501
618	P	43952	31	20.501
619	P	44246	31	20.600
620	P	44649	31	20.601
621	P	44797	31	20.601
622	P	44612	31	20.701
623	P	45340	32	20.701
624	P	45979	32	20.701
625	P	46386	32	20.702
626	P	46873	33	20.834
627	P	47105	33	20.834
628	P	46424	33	20.835
629	P	46369	32	20.934
630	P	44730	31	20.934
631	P	45066	32	20.935
632	P	43476	30	21.034
633	P	42503	30	21.034
634	P	40940	29	21.035
635	P	40080	28	21.134
636	P	40782	29	21.134
637	P	41149	29	21.135
638	P	41613	29	21.135
639	P	42101	30	21.267
640	P	42337	30	21.267
641	P	43231	30	21.268
642	P	42945	30	21.367
643	P	42696	30	21.367
644	P	41908	29	21.368
645	P	40991	29	21.467
646	P	41676	29	21.467
647	P	42292	30	21.468
648	P	43258	30	21.468
649	P	43631	31	21.600
650	P	43530	31	21.601
651	P	44002	31	21.601
652	P	42713	30	21.700
653	P	42601	30	21.701
654	P	42123	30	21.701
655	P	41747	29	21.800
656	P	41400	29	21.801
657	P	41125	29	21.801
658	P	41097	29	21.802
659	P	41011	29	21.934
660	P	41476	29	21.934
661	P	40628	29	21.934
662	P	40648	29	22.034
663	P	40490	28	22.034
664	P	40140	28	22.035
665	P	40054	28	22.035
666	P	38704	27	22.167
667	P	38933	27	22.167
668	P	39665	28	22.168
669	P	40018	28	22.267
670	P	40402	28	22.267
671	P	40375	28	22.268
672	P	40208	28	22.268
673	P	40682	29	22.400
674	P	41841	29	22.401
675	P	42226	30	22.401
676	P	42657	30	22.500
677	P	42913	30	22.501
678	P	42985	30	22.501
679	P	42988	30	22.501
680	P	43107	30	22.634
681	P	42627	30	22.634
682	P	42168	30	22.634
683	P	41851	29	22.734
684	P	41612	29	22.734
685	P	41040	29	22.734
686	P	40744	29	22.735
687	P	40315	28	22.834
688	P	40389	28	22.834
689	P	41032	29	22.835
690	P	41742	29	22.967
691	P	42045	29	22.967
692	P	41842	29	22.968
693	P	42432	30	23.067
694	P	43860	31	23.067
695	P	44553	31	23.068
696	P	44750	31	23.068
697	P	44721	31	23.200
698	P	44947	31	23.201
699	P	44184	31	23.201
700	P	44357	31	23.300
701	P	45287	32	23.301
702	P	45659	32	23.301
703	P	45864	32	23.400
704	P	45436	32	23.401
705	P	45014	32	23.401
706	P	44735	31	23.500
707	P	44662	31	23.501
708	P	44728	31	23.501
709	P	44880	31	23.600
710	P	45331	32	23.601
711	P	45061	32	23.601
712	P	45141	32	23.601
713	P	45282	32	23.734
714	P	45027	32	23.734
715	P	44997	32	23.734
716	P	44984	32	23.834
717	P	45109	32	23.834
718	P	45507	32	23.835
719	P	45273	32	23.934
720	P	45088	32	23.934
721	P	44716	31	23.935
722	P	44635	31	24.034
723	P	44546	31	24.034
724	P	44872	31	24.035
725	P	44790	31	24.134
726	P	44381	31	24.134
727	P	44318	31	24.134
728	P	43959	31	24.234
729	P	44499	31	24.234
730	P	44705	31	24.234
731	P	44701	31	24.235
732	P	45060	32	24.367
733	P	44683	31	24.367
734	P	44684	31	24.368
735	P	44276	31	24.467
736	P	44327	31	24.467
737	P	45306	32	24.468
738	P	47489	33	24.567
739	P	46547	33	24.568
740	P	46432	33	24.568
741	P	46166	32	24.667
742	P	45901	32	24.668
743	P	45642	32	24.668
744	P	44365	31	24.767
745	P	45767	32	24.767
746	P	45139	32	24.768
747	P	45775	32	24.867
748	P	45825	32	24.867
749	P	45876	32	24.868
750	P	46327	32	24.967
751	P	45779	32	24.968
752	P	46677	33	24.968
753	P	46576	33	24.968
754	P	46550	33	25.067
755	P	46100	32	25.068
756	P	44547	31	25.068
757	P	45265	32	25.200
758	P	44384	31	25.201
759	P	43924	31	25.201
760	P	43752	31	25.300
761	P	43170	30	25.301
762	P	44399	31	25.301
763	P	44423	31	25.400
764	P	45195	32	25.401
765	P	45155	32	25.401
766	P	45154	32	25.500
767	P	45498	32	25.501
768	P	44632	31	25.501
769	P	44601	31	25.600
770	P	44394	31	25.601
771	P	44020	31	25.601
772	P	44811	31	25.602
773	P	44769	31	25.734
774	P	45255	32	25.734
775	P	45143	32	25.735
776	P	45126	32	25.834
777	P	44886	31	25.834
778	P	44691	31	25.834
779	P	45197	32	25.934
780	P	44762	31	25.934
781	P	44331	31	25.934
782	P	43580	31	26.034
783	P	43048	30	26.034
784	P	43267	30	26.035
785	P	43804	31	26.134
786	P	43964	31	26.134
787	P	43433	30	26.134
788	P	43437	30	26.135
789	P	43855	31	26.267
790	P	43258	30	26.267
791	P	42908	30	26.268
792	P	42220	30	26.367
793	P	42638	30	26.367
794	P	42842	30	26.368
795	P	43032	30	26.467
796	P	42624	30	26.468
797	P	42373	30	26.468
798	P	42255	30	26.468
799	P	42654	30	26.600
800	P	42933	30	26.601
801	P	42971	30	26.601
802	P	42908	30	26.700
803	P	42818	30	26.701
804	P	43182	30	26.701
805	P	43395	30	26.800
806	P	42932	30	26.801
807	P	42681	30	26.801
808	P	42562	30	26.802
809	P	42333	30	26.934
810	P	41572	29	26.934
811	P	41493	29	26.934
812	P	41857	29	27.034
813	P	42103	30	27.034
814	P	41983	29	27.034
815	P	42191	30	27.035
816	P	42187	30	27.167
817	P	42202	30	27.167
818	P	42110	30	27.168
819	P	42622	30	27.267
820	P	43112	30	27.267
821	P	43121	30	27.268
822	P	42574	30	27.367
823	P	42461	30	27.368
824	P	42320	30	27.368
825	P	42829	30	27.368
826	P	43016	30	27.500
827	P	42905	30	27.501
828	P	42897	30	27.501
829	P	42617	30	27.600
830	P	42584	30	27.601
831	P	42498	30	27.601
832	P	41704	29	27.700
833	P	41357	29	27.701
834	P	41549	29	27.701
835	P	41492	29	27.701
836	P	41511	29	27.834
837	P	41275	29	27.834
838	P	41295	29	27.834
839	P	41236	29	27.934
840	P	41501	29	27.934
841	P	41632	29	27.935
842	P	42428	30	27.935
843	P	43089	30	28.067
844	P	43411	30	28.067
845	P	43234	30	28.068
846	P	43105	30	28.167
847	P	43212	30	28.167
848	P	42992	30	28.168
849	P	43668	31	28.267
850	P	42916	30	28.267
851	P	43111	30	28.268
852	P	42292	30	28.268
853	P	42899	30	28.367
854	P	42574	30	28.368
855	P	42423	30	28.368
856	P	41902	29	28.500
857	P	41663	29	28.501
858	P	41825	29	28.501
859	P	41881	29	28.600
860	P	42253	30	28.601
861	P	42166	30	28.601
862	P	42123	30	28.601
863	P	42399	30	28.734
864	P	41987	29	28.734
865	P	41876	29	28.734
866	P	41819	29	28.834
867	P	42454	30	28.834
868	P	43116	30	28.834
869	P	42914	30	28.934
870	P	42700	30	28.934
871	P	42421	30	28.934
872	P	41883	29	28.935
873	P	41336	29	29.067
874	P	41053	29	29.067
875	P	41788	29	29.068
876	P	42199	30	29.167
877	P	42072	30	29.167
878	P	42289	30	29.168
879	P	42809	30	29.168
880	P	43159	30	29.300
881	P	43300	30	29.301
882	P	43544	31	29.301
883	P	43161	30	29.400
884	P	42960	30	29.401
885	P	42825	30	29.401
886	P	43093	30	29.501
887	P	44168	31	29.501
888	P	45944	32	29.501
889	P	47637	33	29.601
890	P	49112	34	29.601
891	P	48864	34	29.601
892	P	47087	33	29.701
893	P	45699	32	29.701
894	P	45782	32	29.701
895	P	45498	32	29.800
896	P	45170	32	29.801
897	P	44399	31	29.801
898	P	43881	31	29.802
899	P	44008	31	29.934
900	P	43460	30	29.934
901	P	42947	30	29.934
902	P	42142	30	30.034
903	P	41510	29	30.034
904	P	41764	29	30.034
905	P	41729	29	30.134
906	P	41052	29	30.134
907	P	41093	29	30.134
908	P	41568	29	30.135
909	P	41469	29	30.267
910	P	41597	29	30.267
911	P	41578	29	30.268
912	P	41401	29	30.367
913	P	41523	29	30.367
914	P	41470	29	30.368
915	P	41264	29	30.368
916	P	41097	29	30.500
917	P	40919	29	30.501
918	P	40600	28	30.501
919	P	40221	28	30.600
920	P	40263	28	30.601
921	P	40778	29	30.601
922	P	41030	29	30.602
923	P	41083	29	30.734
924	P	41526	29	30.734
925	P	41894	29	30.735
926	P	42204	30	30.834
927	P	42632	30	30.834
928	P	43444	30	30.835
929	P	43199	30	30.934
930	P	43070	30	30.934
931	P	43102	30	30.935
932	P	43015	30	30.935
933	P	42856	30	31.067
934	P	42814	30	31.068
935	P	42216	30	31.068
936	P	41672	29	31.167
937	P	41480	29	31.168
938	P	41556	29	31.168
939	P	41477	29	31.168
940	P	41385	29	31.300
941	P	40385	28	31.301
942	P	39978	28	31.301
943	P	40337	28	31.400
944	P	41224	29	31.401
945	P	41159	29	31.401
946	P	40931	29	31.401
947	P	40305	28	31.534
948	P	40540	28	31.534
949	P	41051	29	31.534
950	P	40849	29	31.634
951	P	40966	29	31.634
952	P	40778	29	31.635
953	P	41116	29	31.635
954	P	41839	29	31.767
955	P	42434	30	31.767
956	P	42683	30	31.768
957	P	43136	30	31.867
958	P	43378	30	31.867
959	P	43079	30	31.868
960	P	42581	30	31.967
961	P	42005	29	31.967
962	P	42082	30	31.968
963	P	41899	29	31.968
964	P	42207	30	32.100
965	P	41922	29	32.101
966	P	42298	30	32.101
967	P	42387	30	32.200
968	P	42344	30	32.201
969	P	42181	30	32.201
970	P	42653	30	32.300
971	P	43064	30	32.301
972	P	43392	30	32.301
973	P	43237	30	32.301
974	P	42766	30	32.434
975	P	42884	30	32.434
976	P	43554	31	32.434
977	P	43285	30	32.534
978	P	42872	30	32.534
979	P	42372	30	32.535
980	P	42543	30	32.634
981	P	42601	30	32.634
982	P	42867	30	32.634
983	P	42816	30	32.635
984	P	43034	30	32.767
985	P	43045	30	32.767
986	P	42006	29	32.768
987	P	41550	29	32.867
988	P	42511	30	32.868
989	P	43092	30	32.868
990	P	43324	30	32.967
991	P	43436	30	32.967
992	P	43577	31	32.968
993	P	43327	30	32.968
994	P	42976	30	33.101
995	P	42190	30	33.101
996	P	41115	29	33.101
997	P	41019	29	33.201
998	P	41423	29	33.201
999	P	41110	29	33.201
1000	P	40484	28	33.202
1001	P	40494	28	33.334
1002	P	40408	28	33.334
1003	P	40566	28	33.334
1004	P	40265	28	33.434
1005	P	39828	28	33.434
1006	P	38972	27	33.434
1007	P	39585	28	33.435
1008	P	40260	28	33.567
1009	P	39999	28	33.568
1010	P	40154	28	33.568
1011	P	40048	28	33.667
1012	P	39321	28	33.667
1013	P	39764	28	33.668
1014	P	40419	28	33.668
1015	P	40655	29	33.800
1016	P	40875	29	33.801
1017	P	41114	29	33.801
1018	P	41026	29	33.900
1019	P	40600	28	33.901
1020	P	40422	28	33.901
1021	P	40806	29	33.901
1022	P	40859	29	34.034
1023	P	41073	29	34.034
1024	P	40535	28	34.034
1025	P	40114	28	34.134
1026	P	40223	28	34.134
1027	P	40220	28	34.134
1028	P	39746	28	34.135
1029	P	39958	28	34.267
1030	P	40400	28	34.268
1031	P	40716	29	34.268
1032	P	40728	29	34.367
1033	P	40764	29	34.368
1034	P	41568	29	34.368
1035	P	40504	28	34.368
1036	P	40822	29	34.500
1037	P	40082	28	34.501
1038	P	42212	30	34.501
1039	P	41112	29	34.600
1040	P	41747	29	34.601
1041	P	41726	29	34.601
1042	P	40751	29	34.601
1043	P	41182	29	34.734
1044	P	40369	28	34.734
1045	P	40817	29	34.734
1046	P	39766	28	34.834
1047	P	39213	28	34.834
1048	P	39389	28	34.834
1049	P	38850	27	34.835
1050	P	39193	28	34.967
1051	P	39194	28	34.967
1052	P	39358	28	34.968
1053	P	39289	28	35.067
1054	P	39663	28	35.067
1055	P	39751	28	35.068
1056	P	39015	27	35.068
1057	P	39506	28	35.200
1058	P	39584	28	35.201
1059	P	39745	28	35.201
1060	P	39581	28	35.201
1061	P	39145	27	35.334
1062	P	38298	27	35.334
1063	P	37577	26	35.334
1064	P	37743	27	35.434
1065	P	38357	27	35.434
